1 500 -3.24
1 1000 -3.35
1 2000 -1.94
1 4000 -0.57
2 500 -2.79
2 1000 -2.78
2 2000 -1.41
2 4000 0.88
3 500 -2.25
3 1000 -1.57
3 2000 0.40
3 4000 2.48
4 500 -1.37
4 1000 -1.08
4 2000 1.60
4 4000 4.36
5 500 -0.29
5 1000 0.25
5 2000 2.70
5 4000 5.57
6 500 0.69
6 1000 1.30
6 2000 3.92
6 4000 6.90
7 500 1.20
7 1000 1.93
7 2000 4.96
7 4000 8.55
8 500 2.77
8 1000 3.27
8 2000 5.95
8 4000 10.37
9 500 2.87
9 1000 3.85
9 2000 7.06
9 4000 11.38
10 500 4.14
10 1000 4.98
10 2000 8.46
10 4000 12.57
12 500 5.50
12 1000 6.88
12 2000 10.06
12 4000 14.93
14 500 6.85
14 1000 8.97
14 2000 11.98
14 4000 17.03
16 500 9.10
16 1000 10.15
16 2000 13.61
16 4000 18.88
18 500 10.30
18 1000 11.74
18 2000 15.71
18 4000 21.21
20 500 11.68
20 1000 13.05
20 2000 16.57
20 4000 22.95
22 500 13.64
22 1000 14.95
22 2000 18.86
22 4000 24.70
24 500 14.48
24 1000 16.40
24 2000 20.18
24 4000 27.36
26 500 16.15
26 1000 17.42
26 2000 21.93
26 4000 27.97
1 500 -3.42
1 1000 -3.35
1 2000 -2.19
1 4000 -0.43
2 500 -3.22
2 1000 -3.00
2 2000 -1.47
2 4000 1.00
3 500 -2.19
3 1000 -1.65
3 2000 -0.08
3 4000 2.48
4 500 -1.46
4 1000 -1.04
4 2000 1.90
4 4000 3.83
5 500 -1.03
5 1000 -0.27
5 2000 1.90
5 4000 5.28
6 500 0.67
6 1000 0.83
6 2000 3.69
6 4000 6.80
7 500 1.94
7 1000 2.44
7 2000 5.38
7 4000 7.96
8 500 1.69
8 1000 2.88
8 2000 6.05
8 4000 9.60
9 500 3.21
9 1000 3.74
9 2000 6.78
9 4000 10.68
10 500 3.20
10 1000 4.84
10 2000 7.90
10 4000 12.33
12 500 4.91
12 1000 5.71
12 2000 8.81
12 4000 13.88
14 500 6.87
14 1000 8.59
14 2000 11.88
14 4000 15.70
16 500 9.17
16 1000 9.76
16 2000 13.90
16 4000 18.69
18 500 10.52
18 1000 10.84
18 2000 15.38
18 4000 21.17
20 500 12.81
20 1000 13.67
20 2000 17.41
20 4000 22.53
22 500 13.75
22 1000 14.82
22 2000 19.60
22 4000 24.65
24 500 14.64
24 1000 16.91
24 2000 19.76
24 4000 26.79
26 500 15.75
26 1000 17.64
26 2000 22.18
26 4000 27.83
1 500 -3.26
1 1000 -3.29
1 2000 -1.86
1 4000 -0.40
2 500 -2.89
2 1000 -2.73
2 2000 -1.29
2 4000 0.71
3 500 -2.06
3 1000 -1.85
3 2000 0.35
3 4000 2.64
4 500 -1.15
4 1000 -0.50
4 2000 1.57
4 4000 4.61
5 500 -0.60
5 1000 0.10
5 2000 2.81
5 4000 4.97
6 500 0.19
6 1000 1.64
6 2000 3.51
6 4000 6.80
7 500 1.52
7 1000 2.32
7 2000 5.39
7 4000 7.91
8 500 2.42
8 1000 3.38
8 2000 6.64
8 4000 9.77
9 500 3.43
9 1000 3.93
9 2000 6.82
9 4000 11.44
10 500 3.92
10 1000 5.18
10 2000 7.94
10 4000 13.09
12 500 5.42
12 1000 7.21
12 2000 9.95
12 4000 14.69
14 500 7.79
14 1000 8.45
14 2000 11.72
14 4000 16.46
16 500 9.59
16 1000 9.85
16 2000 13.50
16 4000 19.44
18 500 9.91
18 1000 11.75
18 2000 16.00
18 4000 21.42
20 500 12.12
20 1000 13.33
20 2000 16.68
20 4000 23.14
22 500 13.97
22 1000 14.68
22 2000 18.64
22 4000 24.79
24 500 14.44
24 1000 16.24
24 2000 20.84
24 4000 26.61
26 500 15.77
26 1000 16.87
26 2000 21.20
26 4000 28.77
1 500 -3.78
1 1000 -3.49
1 2000 -1.71
1 4000 -0.55
2 500 -3.25
2 1000 -2.74
2 2000 -1.15
2 4000 0.81
3 500 -2.16
3 1000 -2.12
3 2000 0.23
3 4000 2.23
4 500 -1.42
4 1000 -0.43
4 2000 1.42
4 4000 4.23
5 500 -0.81
5 1000 0.59
5 2000 2.96
5 4000 5.70
6 500 0.05
6 1000 1.85
6 2000 3.81
6 4000 6.98
7 500 1.83
7 1000 1.89
7 2000 5.46
7 4000 8.41
8 500 2.63
8 1000 2.62
8 2000 6.44
8 4000 10.29
9 500 3.51
9 1000 3.96
9 2000 7.48
9 4000 10.92
10 500 3.60
10 1000 4.54
10 2000 8.25
10 4000 11.87
12 500 5.65
12 1000 7.65
12 2000 9.64
12 4000 15.11
14 500 6.90
14 1000 8.76
14 2000 11.65
14 4000 16.54
16 500 9.15
16 1000 9.85
16 2000 13.83
16 4000 18.74
18 500 9.93
18 1000 11.81
18 2000 14.52
18 4000 21.00
20 500 10.54
20 1000 12.97
20 2000 15.77
20 4000 22.48
22 500 13.64
22 1000 14.83
22 2000 18.40
22 4000 25.37
24 500 15.17
24 1000 14.97
24 2000 21.18
24 4000 26.39
26 500 16.54
26 1000 16.96
26 2000 20.61
26 4000 28.44
